USER ENTERED: гиперболическая производная
doc_id: 4, score : 0.0575064497674
doc_id: 3, score : 0.00643207995653
