USER ENTERED: решение задачи -вращение
doc_id: 5, score : 0.21112322360074107
doc_id: 2, score : 0.07307386002199437
doc_id: 7, score : 0.06989861999862376
doc_id: 3, score : 0.005121083534139891
